intrinsic_mat:693.8246970471848 0 319.5 0 693.8246970471848 239.5 0 0 1
min_dist:5
img_dir:16 ../../data/street/data
img_dir:47 ../../data/template/templeR00
