intrinsic_mat:703.3804 0 313.1147 0 700.2222 243.1272 0 0 1
min_dist:5
img_dir:63 ../../data/nsh/data
img_dir:47 ../../data/template/templeR00
inti_K
intrinsic_mat:693.8246970471848 0 319.5 0 693.8246970471848 239.5 0 0 1
