%YAML:1.0
mat0: !!opencv-matrix
   rows: 4
   cols: 88
   dt: f
   data: [ 1.17030434e-01, 1.14932992e-01, 1.17144577e-01,
       -1.43841496e-02, -9.06952322e-02, 1.17299981e-01, 8.26038979e-03,
       3.22858890e-04, 1.15813501e-01, 3.63597739e-03, 2.38264855e-02,
       -5.80971986e-02, 1.44098341e-01, 1.16314068e-01, 9.41697657e-02,
       9.41697657e-02, 9.41697657e-02, 8.08611512e-02, -3.68181691e-02,
       -3.71693335e-02, -3.10521498e-02, -3.10521498e-02,
       -3.10521498e-02, -4.19565439e-02, -1.21587142e-02, 1.93767138e-02,
       4.38673561e-03, 9.31326300e-02, 2.15737410e-02, 1.99240576e-02,
       -9.49083939e-02, 1.19928539e-01, 1.14201292e-01, 1.14201292e-01,
       1.18376747e-01, 1.18376747e-01, -7.79463649e-02, 2.13413406e-02,
       6.33834526e-02, 6.33834526e-02, -4.98133227e-02, 9.53788683e-02,
       8.60084072e-02, 1.01387188e-01, 1.13704287e-01, 1.13704287e-01,
       1.08586028e-01, 8.33126903e-02, 1.16487958e-01, 1.19115517e-01,
       6.28853440e-02, 1.18455455e-01, -2.13415641e-02, 2.26031244e-02,
       2.26031244e-02, -3.49311270e-02, -3.49311270e-02, 2.42302418e-02,
       4.32221927e-02, -2.05431599e-02, -1.41134011e-02, 9.16198120e-02,
       8.94570127e-02, 1.01566739e-01, 1.57839984e-01, 1.57839984e-01,
       1.23997636e-01, 1.20406754e-01, 1.05736531e-01, 1.58756152e-01,
       -5.50795626e-03, 1.70043632e-01, 1.75954163e-01, 1.29908666e-01,
       1.76491410e-01, -2.13432964e-02, 4.52891700e-02, 9.88685861e-02,
       9.16790068e-02, 9.16790068e-02, 1.00794159e-01, 1.11141942e-01,
       1.51050627e-01, 1.51050627e-01, 1.13956995e-01, -3.18988301e-02,
       -2.37949174e-02, 3.29596028e-02, -4.39426303e-02, -3.71652581e-02,
       8.49677250e-03, 6.73391595e-02, -5.35306968e-02, -4.94788960e-02,
       -4.20729183e-02, -4.12470773e-02, -3.94024253e-02,
       -3.75777036e-02, -3.72346416e-02, -3.37824933e-02,
       -1.64382234e-02, -1.34707028e-02, 3.79939121e-03, 3.79939121e-03,
       3.79939121e-03, 4.43092734e-03, 1.10013708e-02, 1.48842465e-02,
       1.50876883e-02, 1.50876883e-02, 1.50876883e-02, 1.55445142e-02,
       1.65766682e-02, 1.64738055e-02, 6.93325922e-02, -7.24493489e-02,
       7.13321939e-02, 7.39900172e-02, -6.34249002e-02, -5.13066240e-02,
       -4.15384024e-02, -4.15384024e-02, -4.16640714e-02,
       -4.16640714e-02, -3.93267907e-02, -3.93259972e-02,
       -3.81345861e-02, -3.81345861e-02, -3.57057303e-02,
       -1.83714945e-02, 1.27474694e-02, -1.17718996e-02, -1.13583775e-02,
       -1.13583775e-02, -2.05948437e-03, 1.73689064e-03, 4.14412655e-03,
       4.80301259e-03, 1.14164185e-02, 1.12254517e-02, 1.30937397e-02,
       1.38006508e-02, 1.38006508e-02, 1.67238228e-02, 1.67238228e-02,
       1.64494999e-02, 6.74051344e-02, 6.95449933e-02, 7.23640844e-02,
       4.00805548e-02, 2.54015140e-02, -1.49535928e-02, 1.70902740e-02,
       1.70902740e-02, -5.02767749e-02, -4.72667404e-02, 3.62327434e-02,
       2.82335049e-03, 2.50391494e-02, -6.10050373e-02, -5.46366870e-02,
       -4.60757427e-02, -5.52912354e-02, 2.94142030e-03, -8.75546783e-02,
       -2.40394697e-02, 6.24986179e-02, 6.24986179e-02, 9.69831273e-03,
       -7.23298127e-03, 1.31893298e-02, 1.31893298e-02, 4.07814458e-02,
       4.31145281e-02, 7.14506730e-02, 7.13846758e-02, 9.82102215e-01,
       9.82622266e-01, 9.83878195e-01, 9.88600075e-01, 9.84542012e-01,
       9.81775641e-01, 9.89144385e-01, 9.89194930e-01, 9.82436717e-01,
       9.89273489e-01, 9.89002943e-01, 9.87875104e-01, 9.80267644e-01,
       9.83932257e-01, 9.86377180e-01, 9.86377180e-01, 9.86377180e-01,
       9.87571239e-01, 9.90278304e-01, 9.90223646e-01, 9.90424573e-01,
       9.90424573e-01, 9.90424573e-01, 9.90003943e-01, 9.90791321e-01,
       9.90657866e-01, 9.88531590e-01, -9.83583689e-01, 9.88181233e-01,
       9.88057375e-01, 9.83604252e-01, 9.81372297e-01, 9.82551038e-01,
       9.82551038e-01, 9.82046068e-01, 9.82046068e-01, 9.86225247e-01,
       9.88968372e-01, 9.87022460e-01, 9.87022460e-01, 9.88227129e-01,
       9.86100078e-01, -9.86105859e-01, 9.85599458e-01, 9.84250307e-01,
       9.84250307e-01, 9.84887898e-01, 9.87369120e-01, 9.83983576e-01,
       9.83649194e-01, 9.88791287e-01, 9.83731270e-01, 9.90702033e-01,
       9.90619838e-01, 9.90619838e-01, 9.90253568e-01, 9.90253568e-01,
       9.90553021e-01, 9.87803638e-01, 9.88298953e-01, 9.88232255e-01,
       -9.85026717e-01, -9.85622525e-01, -9.84900177e-01, 9.78275895e-01,
       9.78275895e-01, 9.80884552e-01, 9.81488168e-01, -9.83736098e-01,
       9.78239417e-01, 9.90724504e-01, 9.74043787e-01, 9.73542929e-01,
       9.80240822e-01, 9.73395109e-01, 9.90993798e-01, -9.86201644e-01,
       -9.84948754e-01, 9.85054672e-01, 9.85054672e-01, -9.84812677e-01,
       -9.83474493e-01, 9.79472697e-01, 9.79472697e-01, 9.83699083e-01,
       9.89499807e-01, 9.88359451e-01, 9.87883747e-01, -1.40883386e-01,
       -1.40934810e-01, -1.34865493e-01, -1.33897141e-01,
       -1.39949605e-01, -1.41099676e-01, -1.40552357e-01,
       -1.40683770e-01, -1.40899956e-01, -1.41112119e-01,
       -1.41134724e-01, -1.39950797e-01, -1.34316161e-01,
       -1.34784639e-01, -1.34824648e-01, -1.34824648e-01,
       -1.34824648e-01, -1.34702832e-01, -1.33687422e-01,
       -1.33618802e-01, -1.33668587e-01, -1.33668587e-01,
       -1.33668587e-01, -1.33754089e-01, -1.33828044e-01,
       -1.33978143e-01, -1.34086117e-01, 1.36530355e-01, -1.33955792e-01,
       -1.33683100e-01, -1.39615178e-01, -1.41043395e-01,
       -1.40805230e-01, -1.40805230e-01, -1.40842438e-01,
       -1.40842438e-01, -1.40490279e-01, -1.41207725e-01,
       -1.42530739e-01, -1.42530739e-01, -1.40181378e-01,
       -1.34803697e-01, 1.41545877e-01, -1.34817347e-01, -1.34884074e-01,
       -1.34884074e-01, -1.34909764e-01, -1.34752244e-01,
       -1.34869263e-01, -1.34991258e-01, -1.34932905e-01,
       -1.34592339e-01, -1.33725762e-01, -1.34055778e-01,
       -1.34055778e-01, -1.33783296e-01, -1.33783296e-01,
       -1.33966401e-01, -1.33537829e-01, -1.34188697e-01,
       -1.34019509e-01, 1.40434250e-01, 1.41069040e-01, 1.39399424e-01,
       -1.33307055e-01, -1.33307055e-01, -1.41287953e-01,
       -1.41240969e-01, 1.40606955e-01, -1.33551940e-01, -1.33445174e-01,
       -1.36390209e-01, -1.35163411e-01, -1.41875550e-01,
       -1.35261342e-01, -1.32163167e-01, 1.33001328e-01, 1.39724731e-01,
       -1.31742761e-01, -1.31742761e-01, 1.41033724e-01, 1.42734319e-01,
       -1.32827058e-01, -1.32827058e-01, -1.32991552e-01,
       -1.34215266e-01, -1.32189974e-01, -1.33804262e-01 ]
